00010100101010001111111111010110101
11111111101011010110111111101011100
10100101111000100010001010010101000
11111111110101101011111111110101101
01101111111010111001010010111100010
00100010100101010001111111111010110
10111111111101011010110111111101011
10010100101111000100010001010010101
00011111111110101101011111111110101
10101101111111010111001010010111100
01000100010100101010001111111111010
10100011111111110101101011111111110
10110101101111111010111001010010111
10001000100010100101010001111111111
01011010111111111101011010110111111
10101110010100101111000100010001010
01010100011111111110101101011111111
11010110101101111111010111001010010
11110001000100010100101010001111111
11101011010111111111101011010110111
11110101110010100101111000100010001
01001010100011111111110101101011111
11111010110101101111111010111001010
01011110001000100010100101010001111
11111101011010111111111101011010110
11111110101110010100101111000100010
00101001010100011111111110101101011
11111111010110101101111111010111001
01001011110001000100010100101010001
11111111101011010111111111101011010
1101111111111101011101110101010101
